dim 50 50 50
putbox 13 33 3 13 3 18 0.0 0.5 0.5 1.0
putbox 33 39 6 16 2 19 0.0 0.5 0.5 1.0
putbox 39 44 8 10 4 17 1.0 0.54 0.0 1.0
putbox 0 13 10 13 7 14 1.0 0.54 0.0 1.0
putbox 30 33 2 3 4 7 0.0 0.5 0.5 1.0
putbox 30 35 0 2 4 7 1.0 0.54 0.0 1.0
putbox 30 35 0 2 14 17 1.0 0.54 0.0 1.0
putbox 30 33 2 3 14 17 0.0 0.5 0.5 1.0
putbox 14 17 2 3 4 7 0.0 0.5 0.5 1.0
putbox 14 19 0 2 4 7 1.0 0.54 0.0 1.0
putbox 14 17 2 3 14 17 0.0 0.5 0.5 1.0
putbox 14 19 0 2 14 17 1.0 0.54 0.0 1.0
putbox 30 42 16 18 0 21 0.54 0.27 0.0 1.0
putbox 33 39 18 20 3 18 0.0 0.0 0.0 1.0
putbox 33 39 20 22 3 18 0.54 0.27 0.0 1.0
cutbox 37 39 10 13 2 6
putbox 37 39 10 13 2 6 1.0 1.0 1.0 1.0
cutbox 38 39 10 12 2 4
putbox 38 39 10 12 2 4 0.0 0.0 0.0 1.0
cutbox 37 39 10 13 15 19 
putbox 37 39 10 13 15 19 1.0 1.0 1.0 1.0
cutbox 38 39 10 12 17 19 
putbox 38 39 10 12 17 19 0.0 0.0 0.0 1.0
cutbox 38 39 10 12 6 15
putbox 38 39 10 12 6 15 1.0 0.54 0.0 1.0